
 Log information for the data set chk1_1.dat >>

 alpha = 0.05 sepVal = 0.3

 Number of clusters >> 7

 cluster sizes >>
137 118 140 177 179 73 62

 Number of data points >> 886

 Number of dimensions >> 8

 Number of noisy dimensions >> 3

 noisy variables >>
1 4 6

 Number of outliers >> 5

 initial eigenvalues for each cluster >> 
 (rows correspond to clusters)
4.79 9.254 9.238 6.981 6.186
3.775 2.028 1.318 6.727 2.001
4.839 2.408 1.691 6.498 7.47
6.299 8.08 4.525 6.207 7.766
6.614 1.333 3.75 9.174 2.377
1.627 5.681 2.828 1.546 4.215
3.216 2.241 8.411 6.799 8.029

 Mean vectors and covariance matrices before rotation --- 1th cluster >>

 mean vector (mu'=Q*mu)>>
-9.422 0 0 0 0 4.099 2.027 2.897

 covariance matrix (Sigma'=Q*Sigma*t(Q))>>

7.635 -1.026 -0.854 0.088 0.387 0 0 0
-1.026 8 -1.049 -1.06 -0.576 0 0 0
-0.854 -1.049 8.36 -0.886 -0.481 0 0 0
0.088 -1.06 -0.886 6.333 -0.264 0 0 0
0.387 -0.576 -0.481 -0.264 6.122 0 0 0
0 0 0 0 0 59.892 -9.31 1.925
0 0 0 0 0 -9.31 57.396 -6.766
0 0 0 0 0 1.925 -6.766 51.893

 Mean vectors and covariance matrices before rotation --- 2th cluster >>

 mean vector (mu'=Q*mu)>>
9.422 0 0 0 0 4.099 2.027 2.897

 covariance matrix (Sigma'=Q*Sigma*t(Q))>>

6.053 0.333 0.388 -1.216 0.078 0 0 0
0.333 2.063 0.039 0.023 0.008 0 0 0
0.388 0.039 1.36 0.064 0.009 0 0 0
-1.216 0.023 0.064 4.371 0.006 0 0 0
0.078 0.008 0.009 0.006 2.003 0 0 0
0 0 0 0 0 59.892 -9.31 1.925
0 0 0 0 0 -9.31 57.396 -6.766
0 0 0 0 0 1.925 -6.766 51.893

 Mean vectors and covariance matrices before rotation --- 3th cluster >>

 mean vector (mu'=Q*mu)>>
0 16.319 0 0 0 4.099 2.027 2.897

 covariance matrix (Sigma'=Q*Sigma*t(Q))>>

5.014 0.997 0.817 -0.906 -0.662 0 0 0
0.997 2.884 0.348 0.125 -0.006 0 0 0
0.817 0.348 1.941 0.145 0.026 0 0 0
-0.906 0.125 0.145 5.818 -0.398 0 0 0
-0.662 -0.006 0.026 -0.398 7.25 0 0 0
0 0 0 0 0 59.892 -9.31 1.925
0 0 0 0 0 -9.31 57.396 -6.766
0 0 0 0 0 1.925 -6.766 51.893

 Mean vectors and covariance matrices before rotation --- 4th cluster >>

 mean vector (mu'=Q*mu)>>
0 5.44 15.386 0 0 4.099 2.027 2.897

 covariance matrix (Sigma'=Q*Sigma*t(Q))>>

6.228 -1.103 1.154 0.008 -0.428 0 0 0
-1.103 6.868 -0.028 -0.318 -0.517 0 0 0
1.154 -0.028 6.016 0.368 0.042 0 0 0
0.008 -0.318 0.368 6.218 -0.122 0 0 0
-0.428 -0.517 0.042 -0.122 7.548 0 0 0
0 0 0 0 0 59.892 -9.31 1.925
0 0 0 0 0 -9.31 57.396 -6.766
0 0 0 0 0 1.925 -6.766 51.893

 Mean vectors and covariance matrices before rotation --- 5th cluster >>

 mean vector (mu'=Q*mu)>>
0 5.44 3.846 14.897 0 4.099 2.027 2.897

 covariance matrix (Sigma'=Q*Sigma*t(Q))>>

4.923 2.776 0.07 -1.72 1.485 0 0 0
2.776 4.546 0.17 0.146 1.91 0 0 0
0.07 0.17 4.819 -0.02 0.109 0 0 0
-1.72 0.146 -0.02 11.226 -0.016 0 0 0
1.485 1.91 0.109 -0.016 4.313 0 0 0
0 0 0 0 0 59.892 -9.31 1.925
0 0 0 0 0 -9.31 57.396 -6.766
0 0 0 0 0 1.925 -6.766 51.893

 Mean vectors and covariance matrices before rotation --- 6th cluster >>

 mean vector (mu'=Q*mu)>>
0 5.44 3.846 2.979 14.596 4.099 2.027 2.897

 covariance matrix (Sigma'=Q*Sigma*t(Q))>>

7.413 -1.582 1.139 0.777 -0.404 0 0 0
-1.582 8.292 -1.47 -0.259 -2.344 0 0 0
1.139 -1.47 5.18 0.21 -1.022 0 0 0
0.777 -0.259 0.21 3.02 -0.053 0 0 0
-0.404 -2.344 -1.022 -0.053 5.742 0 0 0
0 0 0 0 0 59.892 -9.31 1.925
0 0 0 0 0 -9.31 57.396 -6.766
0 0 0 0 0 1.925 -6.766 51.893

 Mean vectors and covariance matrices before rotation --- 7th cluster >>

 mean vector (mu'=Q*mu)>>
28.265 0 0 0 0 4.099 2.027 2.897

 covariance matrix (Sigma'=Q*Sigma*t(Q))>>

8.273 0.006 -1.676 -0.597 -1.366 0 0 0
0.006 2.675 -0.001 0 -0.001 0 0 0
-1.676 -0.001 8.145 -1.41 -1.723 0 0 0
-0.597 0 -1.41 7.139 -1.264 0 0 0
-1.366 -0.001 -1.723 -1.264 8.022 0 0 0
0 0 0 0 0 59.892 -9.31 1.925
0 0 0 0 0 -9.31 57.396 -6.766
0 0 0 0 0 1.925 -6.766 51.893

 Final eigenvalues for each cluster >> 
 (rows correspond to clusters)
70.035 53.223 45.922 9.254 9.238 6.981 6.186 4.79
70.035 53.223 45.922 6.727 3.775 2.028 2.001 1.318
70.035 53.223 45.922 7.47 6.498 4.839 2.408 1.691
70.035 53.223 45.922 8.08 7.766 6.299 6.207 4.525
70.035 53.223 45.922 11.77 8.486 4.811 3.05 1.71
70.035 53.223 45.922 10.596 7.86 5.274 3.035 2.883
70.035 53.223 45.922 10.04 9.584 8.116 3.839 2.675

 *************************************************

 ********************* rotation ******************

 *************************************************


 The orthogonal matrix Q >>
0.321 0.528 0.582 0.154 0.506
0.528 -0.789 0.233 0.061 0.202
0.582 0.233 -0.744 0.068 0.223
0.154 0.061 0.068 -0.982 0.059
0.506 0.202 0.223 0.059 -0.806

 Mean vectors and covariance matrices after rotation --- 1th cluster >>

 mean vector (mu'=Q*mu)>>
4.099 -3.02 -4.769 2.027 -1.448 2.897 -4.974 -5.483

 covariance matrix (Sigma'=Q*Sigma*t(Q))>>

59.892 0 0 -9.31 0 1.925 0 0
0 5.424 0.101 0 1.027 0 -0.014 -0.554
0 0.101 6.227 0 0.161 0 0.036 -0.119
-9.31 0 0 57.396 0 -6.766 0 0
0 1.027 0.161 0 6.581 0 -0.464 -0.324
1.925 0 0 -6.766 0 51.893 0 0
0 -0.014 0.036 0 -0.464 0 9.163 -0.094
0 -0.554 -0.119 0 -0.324 0 -0.094 9.054

 Mean vectors and covariance matrices after rotation --- 2th cluster >>

 mean vector (mu'=Q*mu)>>
4.099 3.02 4.769 2.027 1.448 2.897 4.974 5.483

 covariance matrix (Sigma'=Q*Sigma*t(Q))>>

59.892 0 0 -9.31 0 1.925 0 0
0 2.486 0.745 0 0.21 0 0.645 1.112
0 0.745 3.038 0 0.789 0 0.941 1.183
-9.31 0 0 57.396 0 -6.766 0 0
0 0.21 0.789 0 4.752 0 0.796 0.96
1.925 0 0 -6.766 0 51.893 0 0
0 0.645 0.941 0 0.796 0 2.883 1.094
0 1.112 1.183 0 0.96 0 1.094 2.69

 Mean vectors and covariance matrices after rotation --- 3th cluster >>

 mean vector (mu'=Q*mu)>>
4.099 8.616 3.303 2.027 1.003 2.897 -12.874 3.797

 covariance matrix (Sigma'=Q*Sigma*t(Q))>>

59.892 0 0 -9.31 0 1.925 0 0
0 4.52 -0.858 0 0.221 0 0.6 1.322
0 -0.858 7.173 0 0.033 0 -0.161 0.216
-9.31 0 0 57.396 0 -6.766 0 0
0 0.221 0.033 0 6.087 0 0.553 0.726
1.925 0 0 -6.766 0 51.893 0 0
0 0.6 -0.161 0 0.553 0 2.645 0.462
0 1.322 0.216 0 0.726 0 0.462 2.482

 Mean vectors and covariance matrices after rotation --- 4th cluster >>

 mean vector (mu'=Q*mu)>>
4.099 11.826 4.533 2.027 1.376 2.897 -0.711 -10.174

 covariance matrix (Sigma'=Q*Sigma*t(Q))>>

59.892 0 0 -9.31 0 1.925 0 0
0 6.318 -0.278 0 0.01 0 0.328 -0.325
0 -0.278 7.649 0 -0.108 0 0.078 -0.474
-9.31 0 0 57.396 0 -6.766 0 0
0 0.01 -0.108 0 6.217 0 -0.155 0.192
1.925 0 0 -6.766 0 51.893 0 0
0 0.328 0.078 0 -0.155 0 7.998 -0.005
0 -0.325 -0.474 0 0.192 0 -0.005 4.695

 Mean vectors and covariance matrices after rotation --- 5th cluster >>

 mean vector (mu'=Q*mu)>>
4.099 7.4 2.837 2.027 -14.036 2.897 -2.481 -0.585

 covariance matrix (Sigma'=Q*Sigma*t(Q))>>

59.892 0 0 -9.31 0 1.925 0 0
0 7.261 0.424 0 0.029 0 -0.047 1.805
0 0.424 3.156 0 0.427 0 0.045 -0.089
-9.31 0 0 57.396 0 -6.766 0 0
0 0.029 0.427 0 11.601 0 0.408 0.833
1.925 0 0 -6.766 0 51.893 0 0
0 -0.047 0.045 0 0.408 0 1.915 -0.792
0 1.805 -0.089 0 0.833 0 -0.792 5.895

 Mean vectors and covariance matrices after rotation --- 6th cluster >>

 mean vector (mu'=Q*mu)>>
4.099 12.957 -9.63 2.027 -1.471 2.897 -0.259 1.864

 covariance matrix (Sigma'=Q*Sigma*t(Q))>>

59.892 0 0 -9.31 0 1.925 0 0
0 3.434 1.192 0 -0.026 0 0.431 0.328
0 1.192 7.55 0 0.003 0 -0.324 0.043
-9.31 0 0 57.396 0 -6.766 0 0
0 -0.026 0.003 0 2.887 0 -0.16 -0.034
1.925 0 0 -6.766 0 51.893 0 0
0 0.431 -0.324 0 -0.16 0 10.537 -0.206
0 0.328 0.043 0 -0.034 0 -0.206 5.239

 Mean vectors and covariance matrices after rotation --- 7th cluster >>

 mean vector (mu'=Q*mu)>>
4.099 9.059 14.307 2.027 4.344 2.897 14.923 16.449

 covariance matrix (Sigma'=Q*Sigma*t(Q))>>

59.892 0 0 -9.31 0 1.925 0 0
0 3.988 -0.553 0 1.122 0 0.54 -0.961
0 -0.553 9.275 0 -0.319 0 1.185 -0.367
-9.31 0 0 57.396 0 -6.766 0 0
0 1.122 -0.319 0 7.597 0 0.949 -0.349
1.925 0 0 -6.766 0 51.893 0 0
0 0.54 1.185 0 0.949 0 3.787 1.275
0 -0.961 -0.367 0 -0.349 0 1.275 9.607

 Final eigenvalues for each cluster >> 
 (rows correspond to clusters)
70.035 53.223 45.922 9.254 9.238 6.981 6.186 4.79
70.035 53.223 45.922 6.727 3.775 2.028 2.001 1.318
70.035 53.223 45.922 7.47 6.498 4.839 2.408 1.691
70.035 53.223 45.922 8.08 7.766 6.299 6.207 4.525
70.035 53.223 45.922 11.77 8.486 4.811 3.05 1.71
70.035 53.223 45.922 10.596 7.86 5.274 3.035 2.883
70.035 53.223 45.922 10.04 9.584 8.116 3.839 2.675

 theoretical Separation index matrix >>

-1 0.3 0.347 0.305 0.302 0.381 0.555
0.3 -1 0.51 0.445 0.332 0.456 0.3
0.347 0.51 -1 0.431 0.398 0.3 0.608
0.305 0.445 0.431 -1 0.3 0.315 0.508
0.302 0.332 0.398 0.3 -1 0.341 0.545
0.381 0.456 0.3 0.315 0.341 -1 0.501
0.555 0.3 0.608 0.508 0.545 0.501 -1

 theoretical projection directions >>

**** cluster 1 and 2
0 0.388 0.57 0 0.037 0 0.472 0.548

**** cluster 1 and 3
0 0.68 0.369 0 0.032 0 -0.459 0.435

**** cluster 1 and 4
0 0.854 0.464 0 0.085 0 0.154 -0.157

**** cluster 1 and 5
0 0.578 0.55 0 -0.542 0 0.158 0.212

**** cluster 1 and 6
0 0.924 -0.255 0 -0.073 0 0.089 0.259

**** cluster 1 and 7
0 0.551 0.471 0 0.087 0 0.481 0.485

**** cluster 2 and 3
0 0.369 0.034 0 0.09 0 -0.924 -0.015

**** cluster 2 and 4
0 0.512 0.067 0 0.101 0 -0.147 -0.837

**** cluster 2 and 5
0 0.411 0.037 0 -0.408 0 -0.713 -0.394

**** cluster 2 and 6
0 0.794 -0.559 0 -0.033 0 -0.149 -0.183

**** cluster 2 and 7
0 0.485 0.377 0 -0.025 0 0.647 0.452

**** cluster 3 and 4
0 0.184 0.047 0 0.056 0 0.499 -0.844

**** cluster 3 and 5
0 -0.056 0.008 0 -0.366 0 0.926 -0.078

**** cluster 3 and 6
0 0.343 -0.575 0 -0.199 0 0.67 -0.25

**** cluster 3 and 7
0 -0.107 0.092 0 -0.043 0 0.982 0.12

**** cluster 4 and 5
0 -0.29 -0.047 0 -0.637 0 -0.042 0.711

**** cluster 4 and 6
0 0.131 -0.592 0 -0.223 0 0.007 0.763

**** cluster 4 and 7
0 -0.045 0.271 0 0.091 0 0.458 0.84

**** cluster 5 and 6
0 0.412 -0.738 0 0.53 0 0.062 0.016

**** cluster 5 and 7
0 -0.044 0.236 0 0.203 0 0.885 0.343

**** cluster 6 and 7
0 -0.371 0.652 0 0.301 0 0.401 0.432

 empirical Separation index matrix (alpha= 0.05 )>>

-1 0.315 0.357 0.305 0.298 0.373 0.561
0.315 -1 0.512 0.45 0.326 0.498 0.303
0.357 0.512 -1 0.46 0.431 0.333 0.598
0.305 0.45 0.46 -1 0.269 0.346 0.527
0.298 0.326 0.431 0.269 -1 0.38 0.539
0.373 0.498 0.333 0.346 0.38 -1 0.554
0.561 0.303 0.598 0.527 0.539 0.554 -1

 empirical projection directions >>

**** cluster 1 and 2
-0.008 0.31 0.571 -0.007 0.036 0.003 0.43 0.626

**** cluster 1 and 3
-0.005 0.633 0.404 0.017 0.029 -0.023 -0.393 0.53

**** cluster 1 and 4
0.011 0.802 0.528 -0.019 0.04 0.007 0.175 -0.212

**** cluster 1 and 5
0.001 0.539 0.592 -0.002 -0.502 -0.013 0.223 0.241

**** cluster 1 and 6
0.023 0.872 -0.372 0.005 -0.107 -0.02 0.105 0.28

**** cluster 1 and 7
0 0.456 0.507 -0.025 0.078 0.025 0.413 0.597

**** cluster 2 and 3
0.019 0.313 0.096 -0.003 0.143 -0.015 -0.931 0.071

**** cluster 2 and 4
0.008 0.468 0.118 0.012 0.03 -0.013 -0.106 -0.869

**** cluster 2 and 5
0.025 0.42 0.017 -0.005 -0.393 0.012 -0.69 -0.437

**** cluster 2 and 6
0.027 0.738 -0.643 -0.004 -0.06 0.019 -0.108 -0.158

**** cluster 2 and 7
-0.001 0.445 0.375 -0.045 0.052 0.01 0.51 0.629

**** cluster 3 and 4
0.01 0.151 0.031 0.006 0.014 0.018 0.529 -0.834

**** cluster 3 and 5
-0.008 -0.091 -0.014 -0.015 -0.367 -0.004 0.919 -0.111

**** cluster 3 and 6
-0.002 0.305 -0.541 -0.007 -0.2 0.038 0.671 -0.35

**** cluster 3 and 7
0 -0.07 0.048 -0.046 -0.068 0.008 0.988 0.1

**** cluster 4 and 5
-0.001 -0.32 -0.072 -0.037 -0.624 0.002 -0.08 0.704

**** cluster 4 and 6
0.015 0.12 -0.63 0.027 -0.198 -0.01 -0.038 0.74

**** cluster 4 and 7
-0.004 -0.081 0.288 -0.048 0.169 0.018 0.314 0.884

**** cluster 5 and 6
0.016 0.473 -0.74 0.018 0.475 0.013 -0.036 0.009

**** cluster 5 and 7
-0.002 -0.109 0.263 -0.029 0.221 -0.017 0.832 0.42

**** cluster 6 and 7
-0.014 -0.447 0.642 -0.01 0.361 -0.014 0.223 0.455
