
 Log information for the data set chk1_2.dat >>

 alpha = 0.05 sepVal = 0.3

 Number of clusters >> 7

 cluster sizes >>
157 121 152 171 110 144 103

 Number of data points >> 958

 Number of dimensions >> 8

 Number of noisy dimensions >> 3

 noisy variables >>
3 4 8

 Number of outliers >> 5

 initial eigenvalues for each cluster >> 
 (rows correspond to clusters)
6.559 9.692 7.118 7.762 4.424
2.961 2.247 6.397 8.609 9.734
4.236 9.171 4.405 2.399 6.98
9.283 5.433 8.719 5.029 4.942
5.053 5.622 4.039 4.746 5.492
3.504 5.083 8.613 5.636 8.132
6.454 1.741 1.543 8.68 1.323

 Mean vectors and covariance matrices before rotation --- 1th cluster >>

 mean vector (mu'=Q*mu)>>
-9.992 0 0 0 0 2.865 4.387 4.929

 covariance matrix (Sigma'=Q*Sigma*t(Q))>>

7.349 -1.481 -0.023 -0.164 1.002 0 0 0
-1.481 8.575 -0.352 -0.305 -0.068 0 0 0
-0.023 -0.352 7.078 -0.057 0.155 0 0 0
-0.164 -0.305 -0.057 7.7 0.077 0 0 0
1.002 -0.068 0.155 0.077 4.853 0 0 0
0 0 0 0 0 93.354 1.014 -1.156
0 0 0 0 0 1.014 91.997 -0.263
0 0 0 0 0 -1.156 -0.263 116.462

 Mean vectors and covariance matrices before rotation --- 2th cluster >>

 mean vector (mu'=Q*mu)>>
9.992 0 0 0 0 2.865 4.387 4.929

 covariance matrix (Sigma'=Q*Sigma*t(Q))>>

8.044 0.899 0.059 -0.744 -2.412 0 0 0
0.899 2.401 0.036 -0.07 -0.275 0 0 0
0.059 0.036 6.25 -0.372 -0.927 0 0 0
-0.744 -0.07 -0.372 7.83 -1.848 0 0 0
-2.412 -0.275 -0.927 -1.848 5.424 0 0 0
0 0 0 0 0 93.354 1.014 -1.156
0 0 0 0 0 1.014 91.997 -0.263
0 0 0 0 0 -1.156 -0.263 116.462

 Mean vectors and covariance matrices before rotation --- 3th cluster >>

 mean vector (mu'=Q*mu)>>
0 17.306 0 0 0 2.865 4.387 4.929

 covariance matrix (Sigma'=Q*Sigma*t(Q))>>

4.443 -0.762 -0.165 0.747 -0.176 0 0 0
-0.762 9.708 -0.329 -0.117 -0.043 0 0 0
-0.165 -0.329 4.608 0.282 -0.078 0 0 0
0.747 -0.117 0.282 2.944 -0.015 0 0 0
-0.176 -0.043 -0.078 -0.015 7.478 0 0 0
0 0 0 0 0 93.354 1.014 -1.156
0 0 0 0 0 1.014 91.997 -0.263
0 0 0 0 0 -1.156 -0.263 116.462

 Mean vectors and covariance matrices before rotation --- 4th cluster >>

 mean vector (mu'=Q*mu)>>
0 5.769 16.316 0 0 2.865 4.387 4.929

 covariance matrix (Sigma'=Q*Sigma*t(Q))>>

6.694 0.749 -1.09 0.491 1.139 0 0 0
0.749 7.036 0.471 0.688 1.545 0 0 0
-1.09 0.471 8.919 0.288 0.661 0 0 0
0.491 0.688 0.288 5.715 0.836 0 0 0
1.139 1.545 0.661 0.836 7.124 0 0 0
0 0 0 0 0 93.354 1.014 -1.156
0 0 0 0 0 1.014 91.997 -0.263
0 0 0 0 0 -1.156 -0.263 116.462

 Mean vectors and covariance matrices before rotation --- 5th cluster >>

 mean vector (mu'=Q*mu)>>
0 5.769 4.079 15.798 0 2.865 4.387 4.929

 covariance matrix (Sigma'=Q*Sigma*t(Q))>>

8.545 -0.169 0.793 0.071 -0.359 0 0 0
-0.169 9.042 0.104 -0.003 -0.289 0 0 0
0.793 0.104 7.121 0.082 0.401 0 0 0
0.071 -0.003 0.082 7.731 0.006 0 0 0
-0.359 -0.289 0.401 0.006 8.156 0 0 0
0 0 0 0 0 93.354 1.014 -1.156
0 0 0 0 0 1.014 91.997 -0.263
0 0 0 0 0 -1.156 -0.263 116.462

 Mean vectors and covariance matrices before rotation --- 6th cluster >>

 mean vector (mu'=Q*mu)>>
0 5.769 4.079 3.16 15.479 2.865 4.387 4.929

 covariance matrix (Sigma'=Q*Sigma*t(Q))>>

5.528 0.196 -0.432 -0.179 -0.645 0 0 0
0.196 4.482 -0.417 -0.779 -0.659 0 0 0
-0.432 -0.417 8.478 -0.423 -0.223 0 0 0
-0.179 -0.779 -0.423 4.717 -0.675 0 0 0
-0.645 -0.659 -0.223 -0.675 7.764 0 0 0
0 0 0 0 0 93.354 1.014 -1.156
0 0 0 0 0 1.014 91.997 -0.263
0 0 0 0 0 -1.156 -0.263 116.462

 Mean vectors and covariance matrices before rotation --- 7th cluster >>

 mean vector (mu'=Q*mu)>>
29.975 0 0 0 0 2.865 4.387 4.929

 covariance matrix (Sigma'=Q*Sigma*t(Q))>>

9.286 0.961 2.069 -8.203 2.572 0 0 0
0.961 11.119 5.704 -0.815 5.704 0 0 0
2.069 5.704 16.149 -1.138 9.356 0 0 0
-8.203 -0.815 -1.138 35.031 -0.931 0 0 0
2.572 5.704 9.356 -0.931 15.141 0 0 0
0 0 0 0 0 93.354 1.014 -1.156
0 0 0 0 0 1.014 91.997 -0.263
0 0 0 0 0 -1.156 -0.263 116.462

 Final eigenvalues for each cluster >> 
 (rows correspond to clusters)
116.524 93.838 91.452 9.692 7.762 7.118 6.559 4.424
116.524 93.838 91.452 9.734 8.609 6.397 2.961 2.247
116.524 93.838 91.452 9.842 7.491 4.728 4.546 2.575
116.524 93.838 91.452 9.862 9.263 5.771 5.343 5.251
116.524 93.838 91.452 9.147 8.935 8.221 7.722 6.571
116.524 93.838 91.452 8.613 8.132 5.636 5.083 3.504
116.524 93.838 91.452 38.131 28.353 7.65 6.78 5.812

 *************************************************

 ********************* rotation ******************

 *************************************************


 The orthogonal matrix Q >>
0.397 0.499 0.459 0.501 0.363
0.499 -0.822 0.164 0.179 0.13
0.459 0.164 -0.849 0.165 0.119
0.501 0.179 0.165 -0.82 0.13
0.363 0.13 0.119 0.13 -0.906

 Mean vectors and covariance matrices after rotation --- 1th cluster >>

 mean vector (mu'=Q*mu)>>
-3.967 -3.626 2.865 4.387 -5.007 -4.586 -4.985 4.929

 covariance matrix (Sigma'=Q*Sigma*t(Q))>>

6.699 0.141 0 0 -0.361 -0.086 -0.084 0
0.141 4.449 0 0 -0.223 -0.089 0.048 0
0 0 93.354 1.014 0 0 0 -1.156
0 0 1.014 91.997 0 0 0 -0.263
-0.361 -0.223 0 0 7.642 -0.068 0.209 0
-0.086 -0.089 0 0 -0.068 7.107 0.161 0
-0.084 0.048 0 0 0.209 0.161 9.656 0
0 0 -1.156 -0.263 0 0 0 116.462

 Mean vectors and covariance matrices after rotation --- 2th cluster >>

 mean vector (mu'=Q*mu)>>
3.967 3.626 2.865 4.387 5.007 4.586 4.985 4.929

 covariance matrix (Sigma'=Q*Sigma*t(Q))>>

3.979 2.141 0 0 -0.456 -0.284 0.849 0
2.141 8.063 0 0 0.238 0.826 1.715 0
0 0 93.354 1.014 0 0 0 -1.156
0 0 1.014 91.997 0 0 0 -0.263
-0.456 0.238 0 0 8.56 0.079 0.535 0
-0.284 0.826 0 0 0.079 6.463 0.373 0
0.849 1.715 0 0 0.535 0.373 2.884 0
0 0 -1.156 -0.263 0 0 0 116.462

 Mean vectors and covariance matrices after rotation --- 3th cluster >>

 mean vector (mu'=Q*mu)>>
8.635 2.243 2.865 4.387 3.097 2.837 -14.222 4.929

 covariance matrix (Sigma'=Q*Sigma*t(Q))>>

5.57 -0.712 0 0 0.741 0.363 -1.749 0
-0.712 7.124 0 0 -0.313 -0.213 -0.595 0
0 0 93.354 1.014 0 0 0 -1.156
0 0 1.014 91.997 0 0 0 -0.263
0.741 -0.313 0 0 2.795 0.337 -0.618 0
0.363 -0.213 0 0 0.337 4.833 -0.597 0
-1.749 -0.595 0 0 -0.618 -0.597 8.86 0
0 0 -1.156 -0.263 0 0 0 116.462

 Mean vectors and covariance matrices after rotation --- 4th cluster >>

 mean vector (mu'=Q*mu)>>
10.366 2.692 2.865 4.387 3.718 -12.911 -2.066 4.929

 covariance matrix (Sigma'=Q*Sigma*t(Q))>>

9.258 -1.297 0 0 0.627 -0.191 -0.484 0
-1.297 5.686 0 0 -0.242 -0.125 0.117 0
0 0 93.354 1.014 0 0 0 -1.156
0 0 1.014 91.997 0 0 0 -0.263
0.627 -0.242 0 0 5.483 0.353 -0.034 0
-0.191 -0.125 0 0 0.353 9.233 0.087 0
-0.484 0.117 0 0 -0.034 0.087 5.829 0
0 0 -1.156 -0.263 0 0 0 116.462

 Mean vectors and covariance matrices after rotation --- 5th cluster >>

 mean vector (mu'=Q*mu)>>
12.667 3.29 2.865 4.387 -11.255 0.082 -1.245 4.929

 covariance matrix (Sigma'=Q*Sigma*t(Q))>>

8.375 0.245 0 0 0.346 0.105 -0.117 0
0.245 8.481 0 0 0.31 0.435 -0.044 0
0 0 93.354 1.014 0 0 0 -1.156
0 0 1.014 91.997 0 0 0 -0.263
0.346 0.31 0 0 7.951 -0.054 0.136 0
0.105 0.435 0 0 -0.054 6.687 -0.105 0
-0.117 -0.044 0 0 0.136 -0.105 9.101 0
0 0 -1.156 -0.263 0 0 0 116.462

 Mean vectors and covariance matrices after rotation --- 6th cluster >>

 mean vector (mu'=Q*mu)>>
11.95 -12.375 2.865 4.387 1.127 -0.153 -1.501 4.929

 covariance matrix (Sigma'=Q*Sigma*t(Q))>>

4.309 -0.213 0 0 0.716 -1.221 0.678 0
-0.213 8.071 0 0 -0.174 -0.182 -0.266 0
0 0 93.354 1.014 0 0 0 -1.156
0 0 1.014 91.997 0 0 0 -0.263
0.716 -0.174 0 0 5.515 -0.268 -0.131 0
-1.221 -0.182 0 0 -0.268 8.091 -0.398 0
0.678 -0.266 0 0 -0.131 -0.398 4.982 0
0 0 -1.156 -0.263 0 0 0 116.462

 Mean vectors and covariance matrices after rotation --- 7th cluster >>

 mean vector (mu'=Q*mu)>>
11.902 10.877 2.865 4.387 15.02 13.757 14.956 4.929

 covariance matrix (Sigma'=Q*Sigma*t(Q))>>

23.559 -6.566 0 0 -3.884 -5.527 -1.102 0
-6.566 9.432 0 0 -4.416 3.163 0.581 0
0 0 93.354 1.014 0 0 0 -1.156
0 0 1.014 91.997 0 0 0 -0.263
-3.884 -4.416 0 0 36.293 -4.126 -1.841 0
-5.527 3.163 0 0 -4.126 9.618 0.639 0
-1.102 0.581 0 0 -1.841 0.639 7.825 0
0 0 -1.156 -0.263 0 0 0 116.462

 Final eigenvalues for each cluster >> 
 (rows correspond to clusters)
116.524 93.838 91.452 9.692 7.762 7.118 6.559 4.424
116.524 93.838 91.452 9.734 8.609 6.397 2.961 2.247
116.524 93.838 91.452 9.842 7.491 4.728 4.546 2.575
116.524 93.838 91.452 9.862 9.263 5.771 5.343 5.251
116.524 93.838 91.452 9.147 8.935 8.221 7.722 6.571
116.524 93.838 91.452 8.613 8.132 5.636 5.083 3.504
116.524 93.838 91.452 38.131 28.353 7.65 6.78 5.812

 theoretical Separation index matrix >>

-1 0.3 0.322 0.32 0.3 0.357 0.585
0.3 -1 0.369 0.311 0.3 0.365 0.3
0.322 0.369 -1 0.314 0.346 0.3 0.544
0.32 0.311 0.314 -1 0.318 0.3 0.518
0.3 0.3 0.346 0.318 -1 0.302 0.457
0.357 0.365 0.3 0.3 0.302 -1 0.534
0.585 0.3 0.544 0.518 0.457 0.534 -1

 theoretical projection directions >>

**** cluster 1 and 2
0.519 0.237 0 0 0.462 0.483 0.478 0

**** cluster 1 and 3
0.637 0.388 0 0 0.49 0.386 -0.234 0

**** cluster 1 and 4
0.635 0.503 0 0 0.457 -0.337 0.144 0

**** cluster 1 and 5
0.825 0.379 0 0 -0.302 0.241 0.163 0

**** cluster 1 and 6
0.855 -0.377 0 0 0.239 0.244 0.099 0

**** cluster 1 and 7
0.446 0.545 0 0 0.318 0.486 0.409 0

**** cluster 2 and 3
0.234 0.039 0 0 -0.05 -0.067 -0.968 0

**** cluster 2 and 4
0.337 0.05 0 0 -0.019 -0.751 -0.565 0

**** cluster 2 and 5
0.546 -0.015 0 0 -0.708 -0.235 -0.381 0

**** cluster 2 and 6
0.697 -0.543 0 0 -0.13 -0.07 -0.444 0

**** cluster 2 and 7
0.419 0.275 0 0 0.295 0.534 0.614 0

**** cluster 3 and 4
0.18 0.061 0 0 0.142 -0.781 0.577 0

**** cluster 3 and 5
0.318 0.067 0 0 -0.841 -0.1 0.421 0

**** cluster 3 and 6
0.273 -0.671 0 0 -0.203 -0.122 0.647 0

**** cluster 3 and 7
0.301 0.337 0 0 0.271 0.397 0.751 0

**** cluster 4 and 5
0.142 0.031 0 0 -0.802 0.577 0.05 0

**** cluster 4 and 6
0.069 -0.808 0 0 -0.22 0.54 0.039 0

**** cluster 4 and 7
0.262 0.289 0 0 0.258 0.683 0.561 0

**** cluster 5 and 6
-0.1 -0.707 0 0 0.7 0.006 -0.025 0

**** cluster 5 and 7
0.209 0.282 0 0 0.461 0.58 0.572 0

**** cluster 6 and 7
0.283 0.634 0 0 0.289 0.377 0.541 0

 empirical Separation index matrix (alpha= 0.05 )>>

-1 0.331 0.343 0.345 0.275 0.365 0.63
0.331 -1 0.358 0.339 0.323 0.372 0.365
0.343 0.358 -1 0.323 0.361 0.289 0.56
0.345 0.339 0.323 -1 0.297 0.305 0.55
0.275 0.323 0.361 0.297 -1 0.298 0.479
0.365 0.372 0.289 0.305 0.298 -1 0.561
0.63 0.365 0.56 0.55 0.479 0.561 -1

 empirical projection directions >>

**** cluster 1 and 2
0.427 0.325 0.002 -0.035 0.485 0.533 0.437 -0.008

**** cluster 1 and 3
0.605 0.429 -0.003 -0.02 0.521 0.372 -0.198 0.007

**** cluster 1 and 4
0.662 0.507 -0.01 -0.014 0.485 -0.259 0.048 -0.012

**** cluster 1 and 5
0.864 0.371 -0.014 0.016 -0.203 0.254 0.095 -0.019

**** cluster 1 and 6
0.814 -0.385 -0.006 -0.01 0.362 0.234 0.054 -0.012

**** cluster 1 and 7
0.435 0.595 -0.013 -0.018 0.289 0.503 0.346 -0.005

**** cluster 2 and 3
0.222 -0.034 0.011 0.014 -0.084 -0.058 -0.969 -0.005

**** cluster 2 and 4
0.326 0.03 0.008 0.007 0.035 -0.686 -0.649 0.003

**** cluster 2 and 5
0.522 -0.09 -0.024 0 -0.752 -0.2 -0.338 0.008

**** cluster 2 and 6
0.644 -0.555 -0.008 0.016 -0.169 -0.075 -0.492 -0.009

**** cluster 2 and 7
0.374 0.317 -0.013 -0.051 0.241 0.525 0.651 -0.016

**** cluster 3 and 4
0.19 0.144 -0.01 -0.015 0.21 -0.734 0.6 -0.013

**** cluster 3 and 5
0.265 -0.029 0.003 0.015 -0.863 -0.147 0.402 -0.033

**** cluster 3 and 6
0.277 -0.699 -0.015 -0.005 -0.149 -0.2 0.609 -0.025

**** cluster 3 and 7
0.318 0.44 -0.013 -0.028 0.252 0.37 0.71 -0.01

**** cluster 4 and 5
0.093 -0.103 -0.003 0.017 -0.826 0.537 0.1 -0.018

**** cluster 4 and 6
0.037 -0.816 -0.036 0.02 -0.166 0.548 -0.054 -0.016

**** cluster 4 and 7
0.274 0.392 -0.014 -0.01 0.225 0.588 0.611 -0.01

**** cluster 5 and 6
0.007 -0.65 -0.028 0.039 0.745 0.143 -0.007 -0.003

**** cluster 5 and 7
0.221 0.348 -0.01 0.009 0.422 0.559 0.582 -0.019

**** cluster 6 and 7
0.285 0.639 -0.01 -0.025 0.259 0.382 0.545 0.002
